imsize 512 512
eye 0 0 2
viewdir 0 0 -1
hfov 60
updir 0 1 0
bkgcolor 0.2 0.2 0.2
mtlcolor 0 0 0 1 1 1 0.2 0.6 0.2 50

mtlcolor 1 1 1 0.988 0.157 0.984 0.2 0.6 0.2 3
sphere 0.00000 -0.00000 0.48000 0.08
sphere 0.08335 0.00000 0.47271 0.08
sphere 0.06385 0.05358 0.47271 0.08
sphere 0.01447 0.08208 0.47271 0.08
sphere -0.04168 0.07218 0.47271 0.08
sphere -0.07832 0.02851 0.47271 0.08
sphere -0.07832 -0.02851 0.47271 0.08
sphere -0.04168 -0.07218 0.47271 0.08
sphere 0.01447 -0.08208 0.47271 0.08
sphere 0.06385 -0.05358 0.47271 0.08
sphere 0.08335 -0.00000 0.47271 0.08
sphere 0.16417 0.00000 0.45105 0.08
sphere 0.12576 0.10553 0.45105 0.08
sphere 0.02851 0.16168 0.45105 0.08
sphere -0.08208 0.14218 0.45105 0.08

mtlcolor 1 1 1 0.231 0.055 0.933 0.2 0.6 0.2 3
sphere -0.15427 0.05615 0.45105 0.08
sphere -0.15427 -0.05615 0.45105 0.08
sphere -0.08208 -0.14218 0.45105 0.08
sphere 0.02851 -0.16168 0.45105 0.08
sphere 0.12576 -0.10553 0.45105 0.08
sphere 0.16417 -0.00000 0.45105 0.08
sphere 0.24000 0.00000 0.41569 0.08
sphere 0.18385 0.15427 0.41569 0.08
sphere 0.04168 0.23635 0.41569 0.08
sphere -0.12000 0.20785 0.41569 0.08
sphere -0.22553 0.08208 0.41569 0.08
sphere -0.22553 -0.08208 0.41569 0.08
sphere -0.12000 -0.20785 0.41569 0.08
sphere 0.04168 -0.23635 0.41569 0.08

mtlcolor 1 1 1 0.98 1 0.294 0.2 0.6 0.2 3
sphere 0.18385 -0.15427 0.41569 0.08
sphere 0.24000 -0.00000 0.41569 0.08
sphere 0.30854 0.00000 0.36770 0.08
sphere 0.23635 0.19832 0.36770 0.08
sphere 0.05358 0.30385 0.36770 0.08
sphere -0.15427 0.26720 0.36770 0.08
sphere -0.28993 0.10553 0.36770 0.08
sphere -0.28993 -0.10553 0.36770 0.08
sphere -0.15427 -0.26720 0.36770 0.08
sphere 0.05358 -0.30385 0.36770 0.08
sphere 0.23635 -0.19832 0.36770 0.08
sphere 0.30854 -0.00000 0.36770 0.08
sphere 0.36770 0.00000 0.30854 0.08
sphere 0.28168 0.23635 0.30854 0.08

mtlcolor 1 1 1 0.529 0.996 0.435 0.2 0.6 0.2 3
sphere -0.18385 0.31844 0.30854 0.08
sphere -0.34553 0.12576 0.30854 0.08
sphere -0.34553 -0.12576 0.30854 0.08
sphere -0.18385 -0.31844 0.30854 0.08
sphere 0.06385 -0.36212 0.30854 0.08
sphere 0.28168 -0.23635 0.30854 0.08
sphere 0.36770 -0.00000 0.30854 0.08
sphere 0.41569 0.00000 0.24000 0.08
sphere 0.31844 0.26720 0.24000 0.08
sphere 0.07218 0.40938 0.24000 0.08
sphere -0.20785 0.36000 0.24000 0.08
sphere -0.39062 0.14218 0.24000 0.08
sphere -0.39062 -0.14218 0.24000 0.08

mtlcolor 1 1 1 0.478 1 0.98 1 0.6 0.2 3
sphere -0.20785 -0.36000 0.24000 0.08
sphere 0.07218 -0.40938 0.24000 0.08
sphere 0.31844 -0.26720 0.24000 0.08
sphere 0.41569 -0.00000 0.24000 0.08
sphere 0.45105 0.00000 0.16417 0.08
sphere 0.34553 0.28993 0.16417 0.08
sphere 0.07832 0.44420 0.16417 0.08
sphere -0.22553 0.39062 0.16417 0.08
sphere -0.42385 0.15427 0.16417 0.08
sphere -0.42385 -0.15427 0.16417 0.08
sphere -0.22553 -0.39062 0.16417 0.08
sphere 0.07832 -0.44420 0.16417 0.08
sphere 0.34553 -0.28993 0.16417 0.08
sphere 0.45105 -0.00000 0.16417 0.08

mtlcolor 1 1 1 0.894 1 0.051 0.114 0.6 0.2 3
sphere 0.47271 0.00000 0.08335 0.08
sphere 0.36212 0.30385 0.08335 0.08
sphere 0.08208 0.46553 0.08335 0.08
sphere -0.23635 0.40938 0.08335 0.08
sphere -0.44420 0.16168 0.08335 0.08
sphere -0.44420 -0.16168 0.08335 0.08
sphere -0.23635 -0.40938 0.08335 0.08
sphere 0.08208 -0.46553 0.08335 0.08
sphere 0.36212 -0.30385 0.08335 0.08
sphere 0.47271 -0.00000 0.08335 0.08
sphere 0.48000 0.00000 0.00000 0.08
sphere 0.36770 0.30854 0.00000 0.08
sphere 0.08335 0.47271 0.00000 0.08
sphere -0.24000 0.41569 0.00000 0.08

light 0.00000 0.00000 0.60000 1 1
light 0.00000 0.00000 0.60000 1 1
light 0.00000 0.00000 0.60000 1 1
light -0.00000 0.00000 0.60000 1 1
light -0.00000 0.00000 0.60000 1 1
light -0.00000 -0.00000 0.60000 1 1
light -0.00000 -0.00000 0.60000 1 1
light 0.00000 -0.00000 0.60000 1 1
light 0.00000 -0.00000 0.60000 1 1
light 0.00000 -0.00000 0.60000 1 1
light 0.10419 0.00000 0.59088 1 1
light 0.07981 0.06697 0.59088 1 1
light 0.01809 0.10261 0.59088 1 1
light -0.05209 0.09023 0.59088 1 1
light -0.09791 0.03563 0.59088 1 1
light -0.09791 -0.03563 0.59088 1 1
light -0.05209 -0.09023 0.59088 1 1
light 0.01809 -0.10261 0.59088 1 1
light 0.07981 -0.06697 0.59088 1 1
light 0.10419 -0.00000 0.59088 1 1
light 0.20521 0.00000 0.56382 1 1
light 0.15720 0.13191 0.56382 1 1
light 0.03563 0.20209 0.56382 1 1
light -0.10261 0.17772 0.56382 1 1
light -0.19284 0.07019 0.56382 1 1
light -0.19284 -0.07019 0.56382 1 1
light -0.10261 -0.17772 0.56382 1 1
light 0.03563 -0.20209 0.56382 1 1
light 0.15720 -0.13191 0.56382 1 1
light 0.20521 -0.00000 0.56382 1 1
light 0.30000 0.00000 0.51962 1 1
light 0.22981 0.19284 0.51962 1 1
light 0.05209 0.29544 0.51962 1 1
light -0.15000 0.25981 0.51962 1 1
light -0.28191 0.10261 0.51962 1 1
light -0.28191 -0.10261 0.51962 1 1
light -0.15000 -0.25981 0.51962 1 1
light 0.05209 -0.29544 0.51962 1 1
light 0.22981 -0.19284 0.51962 1 1
light 0.30000 -0.00000 0.51962 1 1
light 0.38567 0.00000 0.45963 1 1
light 0.29544 0.24791 0.45963 1 1
light 0.06697 0.37981 0.45963 1 1
light -0.19284 0.33400 0.45963 1 1
light -0.36241 0.13191 0.45963 1 1
light -0.36241 -0.13191 0.45963 1 1
light -0.19284 -0.33400 0.45963 1 1
light 0.06697 -0.37981 0.45963 1 1
light 0.29544 -0.24791 0.45963 1 1
light 0.38567 -0.00000 0.45963 1 1
light 0.45963 0.00000 0.38567 1 1
light 0.35209 0.29544 0.38567 1 1
light 0.07981 0.45264 0.38567 1 1
light -0.22981 0.39805 0.38567 1 1
light -0.43191 0.15720 0.38567 1 1
light -0.43191 -0.15720 0.38567 1 1
light -0.22981 -0.39805 0.38567 1 1
light 0.07981 -0.45264 0.38567 1 1
light 0.35209 -0.29544 0.38567 1 1
light 0.45963 -0.00000 0.38567 1 1
light 0.51962 0.00000 0.30000 1 1
light 0.39805 0.33400 0.30000 1 1
light 0.09023 0.51172 0.30000 1 1
light -0.25981 0.45000 0.30000 1 1
light -0.48828 0.17772 0.30000 1 1
light -0.48828 -0.17772 0.30000 1 1
light -0.25981 -0.45000 0.30000 1 1
light 0.09023 -0.51172 0.30000 1 1
light 0.39805 -0.33400 0.30000 1 1
light 0.51962 -0.00000 0.30000 1 1
light 0.56382 0.00000 0.20521 1 1
light 0.43191 0.36241 0.20521 1 1
light 0.09791 0.55525 0.20521 1 1
light -0.28191 0.48828 0.20521 1 1
light -0.52981 0.19284 0.20521 1 1
light -0.52981 -0.19284 0.20521 1 1
light -0.28191 -0.48828 0.20521 1 1
light 0.09791 -0.55525 0.20521 1 1
light 0.43191 -0.36241 0.20521 1 1
light 0.56382 -0.00000 0.20521 1 1
light 0.59088 0.00000 0.10419 1 1
light 0.45264 0.37981 0.10419 1 1
light 0.10261 0.58191 0.10419 1 1
light -0.29544 0.51172 0.10419 1 1
light -0.55525 0.20209 0.10419 1 1
light -0.55525 -0.20209 0.10419 1 1
light -0.29544 -0.51172 0.10419 1 1
light 0.10261 -0.58191 0.10419 1 1
light 0.45264 -0.37981 0.10419 1 1
light 0.59088 -0.00000 0.10419 1 1
light 0.60000 0.00000 0.00000 1 1
light 0.45963 0.38567 0.00000 1 1
light 0.10419 0.59088 0.00000 1 1
light -0.30000 0.51962 0.00000 1 1
light -0.56382 0.20521 0.00000 1 1
light -0.56382 -0.20521 0.00000 1 1
light -0.30000 -0.51962 0.00000 1 1
light 0.10419 -0.59088 0.00000 1 1
light 0.45963 -0.38567 0.00000 1 1
light 0.60000 -0.00000 0.00000 1 1

